TITLE="fun3d_case_title"
VARIABLES="Iteration" "R_1" "R_2" "R_3" "R_4" "R_5" "C_L" "C_D" "C_M_x" "C_M_y" "C_M_z" "Wall Time" "C_x" "C_y" "C_z" "C_Lp" "C_Dp" "C_Lv" "C_Dv" "C_M_xp" "C_M_yp" "C_M_zp" "C_M_xv" "C_M_yv" "C_M_zv" "C_xp" "C_yp" "C_zp" "C_xv" "C_yv" "C_zv"
ZONE  I=100 F=POINT
1  0.3909342814E-04  0.1954671407E-04  0.1572208282E-17  0.1103959724E-17  0.1026202489E-03 -0.9903812855E-03  0.1541794171E+00 -0.8803052303E+00  0.8013475391E-01  0.4401309724E+01  0.1124350000E+02  0.1541794171E+00  0.1762278796E+01 -0.9903812855E-03 -0.9903812855E-03  0.1541794171E+00  0.0000000000E+00  0.0000000000E+00 -0.8803052303E+00  0.8013475391E-01  0.4401309724E+01  0.0000000000E+00  0.0000000000E+00  0.0000000000E+00  0.1541794171E+00  0.1762278796E+01 -0.9903812855E-03  0.0000000000E+00  0.0000000000E+00  0.0000000000E+00
2  0.1140784030E-04  0.4512451812E-05  0.1647231922E-04  0.7741319364E-06  0.2943831696E-04 -0.6090366894E-03  0.1373533177E+00 -0.7836671397E+00  0.7288127420E-01  0.3908454236E+01  0.1848190000E+02  0.1373533177E+00  0.1569955606E+01 -0.6090366894E-03 -0.6090366894E-03  0.1373533177E+00  0.0000000000E+00  0.0000000000E+00 -0.7836671397E+00  0.7288127420E-01  0.3908454236E+01  0.0000000000E+00  0.0000000000E+00  0.0000000000E+00  0.1373533177E+00  0.1569955606E+01 -0.6090366894E-03  0.0000000000E+00  0.0000000000E+00  0.0000000000E+00
3  0.7712648935E-05  0.6157822438E-05  0.1010836830E-04  0.8364291854E-06  0.1962860627E-04  0.9825963119E-03  0.9165691836E-01 -0.5233033913E+00  0.4269872456E-01  0.2519636099E+01  0.2571750000E+02  0.9165691836E-01  0.1047643374E+01  0.9825963119E-03  0.9825963119E-03  0.9165691836E-01  0.0000000000E+00  0.0000000000E+00 -0.5233033913E+00  0.4269872456E-01  0.2519636099E+01  0.0000000000E+00  0.0000000000E+00  0.0000000000E+00  0.9165691836E-01  0.1047643374E+01  0.9825963119E-03  0.0000000000E+00  0.0000000000E+00  0.0000000000E+00
4  0.3973256662E-05  0.5684921999E-05  0.3692317964E-05  0.5882688184E-06  0.1106224234E-04  0.1216935330E-02  0.7731313739E-01 -0.4421324462E+00  0.3500779901E-01  0.2035592334E+01  0.3295340000E+02  0.7731313739E-01  0.8836932060E+00  0.1216935330E-02  0.1216935330E-02  0.7731313739E-01  0.0000000000E+00  0.0000000000E+00 -0.4421324462E+00  0.3500779901E-01  0.2035592334E+01  0.0000000000E+00  0.0000000000E+00  0.0000000000E+00  0.7731313739E-01  0.8836932060E+00  0.1216935330E-02  0.0000000000E+00  0.0000000000E+00  0.0000000000E+00
5  0.3609743060E-05  0.4444485138E-05  0.3570392824E-05  0.4982003669E-06  0.1028993388E-04  0.9401770041E-03  0.6624061935E-01 -0.3789102084E+00  0.3017670155E-01  0.1662147235E+01  0.3805830000E+02  0.6624061935E-01  0.7571337431E+00  0.9401770041E-03  0.9401770041E-03  0.6624061935E-01  0.0000000000E+00  0.0000000000E+00 -0.3789102084E+00  0.3017670155E-01  0.1662147235E+01  0.0000000000E+00  0.0000000000E+00  0.0000000000E+00  0.6624061935E-01  0.7571337431E+00  0.9401770041E-03  0.0000000000E+00  0.0000000000E+00  0.0000000000E+00
6  0.2272719958E-05  0.3033482740E-05  0.3079301258E-05  0.3502896777E-06  0.6469724199E-05  0.4785194413E-03  0.6233183126E-01 -0.3560290581E+00  0.2958668219E-01  0.1527658097E+01  0.4529450000E+02  0.6233183126E-01  0.7124560900E+00  0.4785194413E-03  0.4785194413E-03  0.6233183126E-01  0.0000000000E+00  0.0000000000E+00 -0.3560290581E+00  0.2958668219E-01  0.1527658097E+01  0.0000000000E+00  0.0000000000E+00  0.0000000000E+00  0.6233183126E-01  0.7124560900E+00  0.4785194413E-03  0.0000000000E+00  0.0000000000E+00  0.0000000000E+00
7  0.1620608626E-05  0.1899118580E-05  0.1971059047E-05  0.3022584738E-06  0.4492149183E-05 -0.2564760267E-04  0.6289080007E-01 -0.3586067792E+00  0.3139709468E-01  0.1563292677E+01  0.5040010000E+02  0.6289080007E-01  0.7188451332E+00 -0.2564760267E-04 -0.2564760267E-04  0.6289080007E-01  0.0000000000E+00  0.0000000000E+00 -0.3586067792E+00  0.3139709468E-01  0.1563292677E+01  0.0000000000E+00  0.0000000000E+00  0.0000000000E+00  0.6289080007E-01  0.7188451332E+00 -0.2564760267E-04  0.0000000000E+00  0.0000000000E+00  0.0000000000E+00
8  0.1165598230E-05  0.1396402173E-05  0.1658810699E-05  0.2600203748E-06  0.3099421720E-05 -0.1885867039E-03  0.6569157637E-01 -0.3744953325E+00  0.3333959333E-01  0.1677865115E+01  0.5763690000E+02  0.6569157637E-01  0.7508581536E+00 -0.1885867039E-03 -0.1885867039E-03  0.6569157637E-01  0.0000000000E+00  0.0000000000E+00 -0.3744953325E+00  0.3333959333E-01  0.1677865115E+01  0.0000000000E+00  0.0000000000E+00  0.0000000000E+00  0.6569157637E-01  0.7508581536E+00 -0.1885867039E-03  0.0000000000E+00  0.0000000000E+00  0.0000000000E+00
9  0.9298692738E-06  0.1272496112E-05  0.1492934716E-05  0.2160049061E-06  0.2441784098E-05 -0.7913533322E-04  0.6809695132E-01 -0.3885222145E+00  0.3419090585E-01  0.1751244687E+01  0.6274230000E+02  0.6809695132E-01  0.7783517157E+00 -0.7913533322E-04 -0.7913533322E-04  0.6809695132E-01  0.0000000000E+00  0.0000000000E+00 -0.3885222145E+00  0.3419090585E-01  0.1751244687E+01  0.0000000000E+00  0.0000000000E+00  0.0000000000E+00  0.6809695132E-01  0.7783517157E+00 -0.7913533322E-04  0.0000000000E+00  0.0000000000E+00  0.0000000000E+00
10  0.8804327884E-06  0.1061161005E-05  0.1052017744E-05  0.1894100537E-06  0.2355717764E-05  0.4721195919E-04  0.6862805889E-01 -0.3918033419E+00  0.3399935280E-01  0.1736642009E+01  0.6997910000E+02  0.6862805889E-01  0.7844223032E+00  0.4721195919E-04  0.4721195919E-04  0.6862805889E-01  0.0000000000E+00  0.0000000000E+00 -0.3918033419E+00  0.3399935280E-01  0.1736642009E+01  0.0000000000E+00  0.0000000000E+00  0.0000000000E+00  0.6862805889E-01  0.7844223032E+00  0.4721195919E-04  0.0000000000E+00  0.0000000000E+00  0.0000000000E+00
11  0.7088739226E-06  0.9863880180E-06  0.9862171284E-06  0.1587958774E-06  0.1905529262E-05  0.5438492190E-04  0.6732291328E-01 -0.3843194632E+00  0.3332181438E-01  0.1670279726E+01  0.2312517000E+03  0.6732291328E-01  0.7695044205E+00  0.5438492190E-04  0.5438492190E-04  0.6732291328E-01  0.0000000000E+00  0.0000000000E+00 -0.3843194632E+00  0.3332181438E-01  0.1670279726E+01  0.0000000000E+00  0.0000000000E+00  0.0000000000E+00  0.6732291328E-01  0.7695044205E+00  0.5438492190E-04  0.0000000000E+00  0.0000000000E+00  0.0000000000E+00
12  0.6029081018E-06  0.9658052254E-06  0.8960275828E-06  0.1337002250E-06  0.1632198413E-05 -0.1381051791E-04  0.6551355793E-01 -0.3738124308E+00  0.3270262525E-01  0.1619111313E+01  0.2384879000E+03  0.6551355793E-01  0.7488233939E+00 -0.1381051791E-04 -0.1381051791E-04  0.6551355793E-01  0.0000000000E+00  0.0000000000E+00 -0.3738124308E+00  0.3270262525E-01  0.1619111313E+01  0.0000000000E+00  0.0000000000E+00  0.0000000000E+00  0.6551355793E-01  0.7488233939E+00 -0.1381051791E-04  0.0000000000E+00  0.0000000000E+00  0.0000000000E+00
13  0.5752943834E-06  0.8805936450E-06  0.6793858337E-06  0.1263136704E-06  0.1566167204E-05 -0.3962282972E-04  0.6438851370E-01 -0.3672963375E+00  0.3233271620E-01  0.1612867889E+01  0.2435963000E+03  0.6438851370E-01  0.7359640793E+00 -0.3962282972E-04 -0.3962282972E-04  0.6438851370E-01  0.0000000000E+00  0.0000000000E+00 -0.3672963375E+00  0.3233271620E-01  0.1612867889E+01  0.0000000000E+00  0.0000000000E+00  0.0000000000E+00  0.6438851370E-01  0.7359640793E+00 -0.3962282972E-04  0.0000000000E+00  0.0000000000E+00  0.0000000000E+00
14  0.4783901665E-06  0.8391778310E-06  0.6835568038E-06  0.1137570146E-06  0.1307129385E-05 -0.1771548248E-04  0.6420115719E-01 -0.3662601645E+00  0.3224956787E-01  0.1632540760E+01  0.2508346000E+03  0.6420115719E-01  0.7338225844E+00 -0.1771548248E-04 -0.1771548248E-04  0.6420115719E-01  0.0000000000E+00  0.0000000000E+00 -0.3662601645E+00  0.3224956787E-01  0.1632540760E+01  0.0000000000E+00  0.0000000000E+00  0.0000000000E+00  0.6420115719E-01  0.7338225844E+00 -0.1771548248E-04  0.0000000000E+00  0.0000000000E+00  0.0000000000E+00
15  0.4199873618E-06  0.7736965599E-06  0.6359907636E-06  0.9803464005E-07  0.1145103744E-05 -0.2385829361E-04  0.6456689815E-01 -0.3683937885E+00  0.3244870454E-01  0.1647982239E+01  0.2559428000E+03  0.6456689815E-01  0.7380030227E+00 -0.2385829361E-04 -0.2385829361E-04  0.6456689815E-01  0.0000000000E+00  0.0000000000E+00 -0.3683937885E+00  0.3244870454E-01  0.1647982239E+01  0.0000000000E+00  0.0000000000E+00  0.0000000000E+00  0.6456689815E-01  0.7380030227E+00 -0.2385829361E-04  0.0000000000E+00  0.0000000000E+00  0.0000000000E+00
16  0.3943953201E-06  0.6780446684E-06  0.4775226717E-06  0.8908706705E-07  0.1067408912E-05 -0.8210671930E-04  0.6511748876E-01 -0.3715189127E+00  0.3284499001E-01  0.1651589962E+01  0.2631806000E+03  0.6511748876E-01  0.7442963023E+00 -0.8210671930E-04 -0.8210671930E-04  0.6511748876E-01  0.0000000000E+00  0.0000000000E+00 -0.3715189127E+00  0.3284499001E-01  0.1651589962E+01  0.0000000000E+00  0.0000000000E+00  0.0000000000E+00  0.6511748876E-01  0.7442963023E+00 -0.8210671930E-04  0.0000000000E+00  0.0000000000E+00  0.0000000000E+00
17  0.3232176311E-06  0.6356061579E-06  0.4373700297E-06  0.8138945978E-07  0.8767458518E-06 -0.1382375471E-03  0.6568943261E-01 -0.3747498815E+00  0.3324400235E-01  0.1654723971E+01  0.2682843000E+03  0.6568943261E-01  0.7508336504E+00 -0.1382375471E-03 -0.1382375471E-03  0.6568943261E-01  0.0000000000E+00  0.0000000000E+00 -0.3747498815E+00  0.3324400235E-01  0.1654723971E+01  0.0000000000E+00  0.0000000000E+00  0.0000000000E+00  0.6568943261E-01  0.7508336504E+00 -0.1382375471E-03  0.0000000000E+00  0.0000000000E+00  0.0000000000E+00
18  0.2812363616E-06  0.6050751073E-06  0.4184292322E-06  0.7382258874E-07  0.7730658486E-06 -0.1345257308E-03  0.6610148537E-01 -0.3771302205E+00  0.3341566490E-01  0.1663816390E+01  0.2733893000E+03  0.6610148537E-01  0.7555434350E+00 -0.1345257308E-03 -0.1345257308E-03  0.6610148537E-01  0.0000000000E+00  0.0000000000E+00 -0.3771302205E+00  0.3341566490E-01  0.1663816390E+01  0.0000000000E+00  0.0000000000E+00  0.0000000000E+00  0.6610148537E-01  0.7555434350E+00 -0.1345257308E-03  0.0000000000E+00  0.0000000000E+00  0.0000000000E+00
19  0.2750419633E-06  0.5678337161E-06  0.3441256913E-06  0.6625122812E-07  0.7613487697E-06 -0.7592599831E-04  0.6610005002E-01 -0.3772042231E+00  0.3324867647E-01  0.1670871313E+01  0.2784936000E+03  0.6610005002E-01  0.7555270288E+00 -0.7592599831E-04 -0.7592599831E-04  0.6610005002E-01  0.0000000000E+00  0.0000000000E+00 -0.3772042231E+00  0.3324867647E-01  0.1670871313E+01  0.0000000000E+00  0.0000000000E+00  0.0000000000E+00  0.6610005002E-01  0.7555270288E+00 -0.7592599831E-04  0.0000000000E+00  0.0000000000E+00  0.0000000000E+00
20  0.2376438213E-06  0.5535380574E-06  0.3071625344E-06  0.5900226491E-07  0.6623133950E-06 -0.1774342158E-04  0.6563771266E-01 -0.3746215897E+00  0.3286787684E-01  0.1666620825E+01  0.2857279000E+03  0.6563771266E-01  0.7502424885E+00 -0.1774342158E-04 -0.1774342158E-04  0.6563771266E-01  0.0000000000E+00  0.0000000000E+00 -0.3746215897E+00  0.3286787684E-01  0.1666620825E+01  0.0000000000E+00  0.0000000000E+00  0.0000000000E+00  0.6563771266E-01  0.7502424885E+00 -0.1774342158E-04  0.0000000000E+00  0.0000000000E+00  0.0000000000E+00
21  0.2004508469E-06  0.5430002559E-06  0.2767989654E-06  0.5488015787E-07  0.5628565232E-06 -0.3189748439E-05  0.6502733480E-01 -0.3711200912E+00  0.3253777782E-01  0.1653952923E+01  0.4467118000E+03  0.6502733480E-01  0.7432658376E+00 -0.3189748439E-05 -0.3189748439E-05  0.6502733480E-01  0.0000000000E+00  0.0000000000E+00 -0.3711200912E+00  0.3253777782E-01  0.1653952923E+01  0.0000000000E+00  0.0000000000E+00  0.0000000000E+00  0.6502733480E-01  0.7432658376E+00 -0.3189748439E-05  0.0000000000E+00  0.0000000000E+00  0.0000000000E+00
22  0.1897537638E-06  0.5241796276E-06  0.2314472707E-06  0.5141869047E-07  0.5368533728E-06 -0.2516279864E-04  0.6468777435E-01 -0.3691273556E+00  0.3243683117E-01  0.1644210639E+01  0.4518162000E+03  0.6468777435E-01  0.7393846440E+00 -0.2516279864E-04 -0.2516279864E-04  0.6468777435E-01  0.0000000000E+00  0.0000000000E+00 -0.3691273556E+00  0.3243683117E-01  0.1644210639E+01  0.0000000000E+00  0.0000000000E+00  0.0000000000E+00  0.6468777435E-01  0.7393846440E+00 -0.2516279864E-04  0.0000000000E+00  0.0000000000E+00  0.0000000000E+00
23  0.1733064237E-06  0.5053629127E-06  0.2197273149E-06  0.4660898977E-07  0.4976225283E-06 -0.4728258590E-04  0.6477646096E-01 -0.3696131631E+00  0.3253338557E-01  0.1644205365E+01  0.4569208000E+03  0.6477646096E-01  0.7403983366E+00 -0.4728258590E-04 -0.4728258590E-04  0.6477646096E-01  0.0000000000E+00  0.0000000000E+00 -0.3696131631E+00  0.3253338557E-01  0.1644205365E+01  0.0000000000E+00  0.0000000000E+00  0.0000000000E+00  0.6477646096E-01  0.7403983366E+00 -0.4728258590E-04  0.0000000000E+00  0.0000000000E+00  0.0000000000E+00
24  0.1512706744E-06  0.4893878394E-06  0.2080061076E-06  0.4275702460E-07  0.4426743457E-06 -0.4538929493E-04  0.6509008474E-01 -0.3714438807E+00  0.3266010421E-01  0.1650065186E+01  0.4641545000E+03  0.6509008474E-01  0.7439830729E+00 -0.4538929493E-04 -0.4538929493E-04  0.6509008474E-01  0.0000000000E+00  0.0000000000E+00 -0.3714438807E+00  0.3266010421E-01  0.1650065186E+01  0.0000000000E+00  0.0000000000E+00  0.0000000000E+00  0.6509008474E-01  0.7439830729E+00 -0.4538929493E-04  0.0000000000E+00  0.0000000000E+00  0.0000000000E+00
25  0.1375944368E-06  0.4700043029E-06  0.1781387951E-06  0.4041842104E-07  0.4066648580E-06 -0.2440985369E-04  0.6530797107E-01 -0.3727538753E+00  0.3268211970E-01  0.1653548890E+01  0.4692594000E+03  0.6530797107E-01  0.7464735250E+00 -0.2440985369E-04 -0.2440985369E-04  0.6530797107E-01  0.0000000000E+00  0.0000000000E+00 -0.3727538753E+00  0.3268211970E-01  0.1653548890E+01  0.0000000000E+00  0.0000000000E+00  0.0000000000E+00  0.6530797107E-01  0.7464735250E+00 -0.2440985369E-04  0.0000000000E+00  0.0000000000E+00  0.0000000000E+00
26  0.1252952333E-06  0.4463119322E-06  0.1634369381E-06  0.3791859877E-07  0.3714398260E-06 -0.3308645978E-05  0.6526907448E-01 -0.3725725105E+00  0.3258792542E-01  0.1650892785E+01  0.4743639000E+03  0.6526907448E-01  0.7460289349E+00 -0.3308645978E-05 -0.3308645978E-05  0.6526907448E-01  0.0000000000E+00  0.0000000000E+00 -0.3725725105E+00  0.3258792542E-01  0.1650892785E+01  0.0000000000E+00  0.0000000000E+00  0.0000000000E+00  0.6526907448E-01  0.7460289349E+00 -0.3308645978E-05  0.0000000000E+00  0.0000000000E+00  0.0000000000E+00
27  0.1130371870E-06  0.4248113536E-06  0.1549611755E-06  0.3498329295E-07  0.3360770013E-06  0.5098642722E-05  0.6503812556E-01 -0.3712510318E+00  0.3245269289E-01  0.1644717697E+01  0.4794696000E+03  0.6503812556E-01  0.7433891767E+00  0.5098642722E-05  0.5098642722E-05  0.6503812556E-01  0.0000000000E+00  0.0000000000E+00 -0.3712510318E+00  0.3245269289E-01  0.1644717697E+01  0.0000000000E+00  0.0000000000E+00  0.0000000000E+00  0.6503812556E-01  0.7433891767E+00  0.5098642722E-05  0.0000000000E+00  0.0000000000E+00  0.0000000000E+00
28  0.1031008895E-06  0.4085777606E-06  0.1360991480E-06  0.3228026828E-07  0.3085941263E-06  0.1819463967E-05  0.6477119390E-01 -0.3697004513E+00  0.3234521432E-01  0.1639198411E+01  0.4867036000E+03  0.6477119390E-01  0.7403381338E+00  0.1819463967E-05  0.1819463967E-05  0.6477119390E-01  0.0000000000E+00  0.0000000000E+00 -0.3697004513E+00  0.3234521432E-01  0.1639198411E+01  0.0000000000E+00  0.0000000000E+00  0.0000000000E+00  0.6477119390E-01  0.7403381338E+00  0.1819463967E-05  0.0000000000E+00  0.0000000000E+00  0.0000000000E+00
29  0.9243845066E-07  0.3942605532E-06  0.1220380026E-06  0.2984547955E-07  0.2796506634E-06 -0.5615048737E-05  0.6458052668E-01 -0.3685919553E+00  0.3228576680E-01  0.1635989347E+01  0.4918093000E+03  0.6458052668E-01  0.7381587975E+00 -0.5615048737E-05 -0.5615048737E-05  0.6458052668E-01  0.0000000000E+00  0.0000000000E+00 -0.3685919553E+00  0.3228576680E-01  0.1635989347E+01  0.0000000000E+00  0.0000000000E+00  0.0000000000E+00  0.6458052668E-01  0.7381587975E+00 -0.5615048737E-05  0.0000000000E+00  0.0000000000E+00  0.0000000000E+00
30  0.8333347794E-07  0.3789360968E-06  0.1164322073E-06  0.2733974632E-07  0.2529690707E-06 -0.1077482052E-04  0.6450078585E-01 -0.3681380042E+00  0.3226383778E-01  0.1634450732E+01  0.4969155000E+03  0.6450078585E-01  0.7372473556E+00 -0.1077482052E-04 -0.1077482052E-04  0.6450078585E-01  0.0000000000E+00  0.0000000000E+00 -0.3681380042E+00  0.3226383778E-01  0.1634450732E+01  0.0000000000E+00  0.0000000000E+00  0.0000000000E+00  0.6450078585E-01  0.7372473556E+00 -0.1077482052E-04  0.0000000000E+00  0.0000000000E+00  0.0000000000E+00
31  0.7676761182E-07  0.3605859539E-06  0.1086841108E-06  0.2484945659E-07  0.2313207990E-06 -0.1247367057E-04  0.6451795850E-01 -0.3682535411E+00  0.3226919465E-01  0.1633854781E+01  0.6580838000E+03  0.6451795850E-01  0.7374436399E+00 -0.1247367057E-04 -0.1247367057E-04  0.6451795850E-01  0.0000000000E+00  0.0000000000E+00 -0.3682535411E+00  0.3226919465E-01  0.1633854781E+01  0.0000000000E+00  0.0000000000E+00  0.0000000000E+00  0.6451795850E-01  0.7374436399E+00 -0.1247367057E-04  0.0000000000E+00  0.0000000000E+00  0.0000000000E+00
32  0.6836441661E-07  0.3425872950E-06  0.9902681735E-07  0.2268792288E-07  0.2053506395E-06 -0.1235237442E-04  0.6459023533E-01 -0.3686866130E+00  0.3229385263E-01  0.1634068328E+01  0.6653212000E+03  0.6459023533E-01  0.7382697679E+00 -0.1235237442E-04 -0.1235237442E-04  0.6459023533E-01  0.0000000000E+00  0.0000000000E+00 -0.3686866130E+00  0.3229385263E-01  0.1634068328E+01  0.0000000000E+00  0.0000000000E+00  0.0000000000E+00  0.6459023533E-01  0.7382697679E+00 -0.1235237442E-04  0.0000000000E+00  0.0000000000E+00  0.0000000000E+00
33  0.5937657009E-07  0.3277176887E-06  0.8935005051E-07  0.2081598380E-07  0.1789098788E-06 -0.1277654069E-04  0.6465794363E-01 -0.3690863660E+00  0.3232253570E-01  0.1634752678E+01  0.6704263000E+03  0.6465794363E-01  0.7390436773E+00 -0.1277654069E-04 -0.1277654069E-04  0.6465794363E-01  0.0000000000E+00  0.0000000000E+00 -0.3690863660E+00  0.3232253570E-01  0.1634752678E+01  0.0000000000E+00  0.0000000000E+00  0.0000000000E+00  0.6465794363E-01  0.7390436773E+00 -0.1277654069E-04  0.0000000000E+00  0.0000000000E+00  0.0000000000E+00
34  0.5337709972E-07  0.3160486084E-06  0.7922909891E-07  0.1902814022E-07  0.1611249409E-06 -0.1430790851E-04  0.6466817726E-01 -0.3691476357E+00  0.3233375743E-01  0.1635013366E+01  0.6755317000E+03  0.6466817726E-01  0.7391606482E+00 -0.1430790851E-04 -0.1430790851E-04  0.6466817726E-01  0.0000000000E+00  0.0000000000E+00 -0.3691476357E+00  0.3233375743E-01  0.1635013366E+01  0.0000000000E+00  0.0000000000E+00  0.0000000000E+00  0.6466817726E-01  0.7391606482E+00 -0.1430790851E-04  0.0000000000E+00  0.0000000000E+00  0.0000000000E+00
35  0.4851704078E-07  0.3072873862E-06  0.7068909960E-07  0.1734157558E-07  0.1472420092E-06 -0.1683754587E-04  0.6460872825E-01 -0.3688033423E+00  0.3231819302E-01  0.1634215888E+01  0.6806396000E+03  0.6460872825E-01  0.7384811430E+00 -0.1683754587E-04 -0.1683754587E-04  0.6460872825E-01  0.0000000000E+00  0.0000000000E+00 -0.3688033423E+00  0.3231819302E-01  0.1634215888E+01  0.0000000000E+00  0.0000000000E+00  0.0000000000E+00  0.6460872825E-01  0.7384811430E+00 -0.1683754587E-04  0.0000000000E+00  0.0000000000E+00  0.0000000000E+00
36  0.4357362961E-07  0.3009379330E-06  0.6368701931E-07  0.1586209923E-07  0.1339579915E-06 -0.1962820582E-04  0.6451516684E-01 -0.3682623375E+00  0.3228675660E-01  0.1632702090E+01  0.6878757000E+03  0.6451516684E-01  0.7374117312E+00 -0.1962820582E-04 -0.1962820582E-04  0.6451516684E-01  0.0000000000E+00  0.0000000000E+00 -0.3682623375E+00  0.3228675660E-01  0.1632702090E+01  0.0000000000E+00  0.0000000000E+00  0.0000000000E+00  0.6451516684E-01  0.7374117312E+00 -0.1962820582E-04  0.0000000000E+00  0.0000000000E+00  0.0000000000E+00
37  0.4012670551E-07  0.2951316200E-06  0.5727064189E-07  0.1455284174E-07  0.1247689598E-06 -0.2212182783E-04  0.6444033501E-01 -0.3678324246E+00  0.3226039409E-01  0.1631441317E+01  0.6929809000E+03  0.6444033501E-01  0.7365563994E+00 -0.2212182783E-04 -0.2212182783E-04  0.6444033501E-01  0.0000000000E+00  0.0000000000E+00 -0.3678324246E+00  0.3226039409E-01  0.1631441317E+01  0.0000000000E+00  0.0000000000E+00  0.0000000000E+00  0.6444033501E-01  0.7365563994E+00 -0.2212182783E-04  0.0000000000E+00  0.0000000000E+00  0.0000000000E+00
38  0.3767744224E-07  0.2893030724E-06  0.5281138720E-07  0.1334601023E-07  0.1180789495E-06 -0.2359942224E-04  0.6441525737E-01 -0.3676939428E+00  0.3225231726E-01  0.1631078675E+01  0.6980873000E+03  0.6441525737E-01  0.7362697606E+00 -0.2359942224E-04 -0.2359942224E-04  0.6441525737E-01  0.0000000000E+00  0.0000000000E+00 -0.3676939428E+00  0.3225231726E-01  0.1631078675E+01  0.0000000000E+00  0.0000000000E+00  0.0000000000E+00  0.6441525737E-01  0.7362697606E+00 -0.2359942224E-04  0.0000000000E+00  0.0000000000E+00  0.0000000000E+00
39  0.3456121231E-07  0.2826781012E-06  0.4935711902E-07  0.1231187165E-07  0.1096617014E-06 -0.2418554517E-04  0.6443408230E-01 -0.3678118974E+00  0.3226123371E-01  0.1631484018E+01  0.7031930000E+03  0.6443408230E-01  0.7364849306E+00 -0.2418554517E-04 -0.2418554517E-04  0.6443408230E-01  0.0000000000E+00  0.0000000000E+00 -0.3678118974E+00  0.3226123371E-01  0.1631484018E+01  0.0000000000E+00  0.0000000000E+00  0.0000000000E+00  0.6443408230E-01  0.7364849306E+00 -0.2418554517E-04  0.0000000000E+00  0.0000000000E+00  0.0000000000E+00
40  0.3084099954E-07  0.2758241234E-06  0.4476228097E-07  0.1149470216E-07  0.9975082919E-07 -0.2431539766E-04  0.6446785213E-01 -0.3680160892E+00  0.3227609142E-01  0.1632072842E+01  0.7082973000E+03  0.6446785213E-01  0.7368709216E+00 -0.2431539766E-04 -0.2431539766E-04  0.6446785213E-01  0.0000000000E+00  0.0000000000E+00 -0.3680160892E+00  0.3227609142E-01  0.1632072842E+01  0.0000000000E+00  0.0000000000E+00  0.0000000000E+00  0.6446785213E-01  0.7368709216E+00 -0.2431539766E-04  0.0000000000E+00  0.0000000000E+00  0.0000000000E+00
41  0.2751269882E-07  0.2695141503E-06  0.3996245968E-07  0.1077257131E-07  0.9088164537E-07 -0.2440025733E-04  0.6448819208E-01 -0.3681400773E+00  0.3228547903E-01  0.1632367162E+01  0.8651313000E+03  0.6448819208E-01  0.7371034082E+00 -0.2440025733E-04 -0.2440025733E-04  0.6448819208E-01  0.0000000000E+00  0.0000000000E+00 -0.3681400773E+00  0.3228547903E-01  0.1632367162E+01  0.0000000000E+00  0.0000000000E+00  0.0000000000E+00  0.6448819208E-01  0.7371034082E+00 -0.2440025733E-04  0.0000000000E+00  0.0000000000E+00  0.0000000000E+00
42  0.2525099500E-07  0.2642043496E-06  0.3649206044E-07  0.1004970714E-07  0.8485867133E-07 -0.2443532704E-04  0.6448211608E-01 -0.3681085339E+00  0.3228327386E-01  0.1632235112E+01  0.8723677000E+03  0.6448211608E-01  0.7370339593E+00 -0.2443532704E-04 -0.2443532704E-04  0.6448211608E-01  0.0000000000E+00  0.0000000000E+00 -0.3681085339E+00  0.3228327386E-01  0.1632235112E+01  0.0000000000E+00  0.0000000000E+00  0.0000000000E+00  0.6448211608E-01  0.7370339593E+00 -0.2443532704E-04  0.0000000000E+00  0.0000000000E+00  0.0000000000E+00
43  0.2382204288E-07  0.2594958116E-06  0.3415945261E-07  0.9389144935E-08  0.8114970282E-07 -0.2425127140E-04  0.6445238911E-01 -0.3679396569E+00  0.3226916237E-01  0.1631779041E+01  0.8774721000E+03  0.6445238911E-01  0.7366941785E+00 -0.2425127140E-04 -0.2425127140E-04  0.6445238911E-01  0.0000000000E+00  0.0000000000E+00 -0.3679396569E+00  0.3226916237E-01  0.1631779041E+01  0.0000000000E+00  0.0000000000E+00  0.0000000000E+00  0.6445238911E-01  0.7366941785E+00 -0.2425127140E-04  0.0000000000E+00  0.0000000000E+00  0.0000000000E+00
44  0.2268915105E-07  0.2556573481E-06  0.3251167694E-07  0.8858397447E-08  0.7835892468E-07 -0.2314173758E-04  0.6441193039E-01 -0.3677107866E+00  0.3224706710E-01  0.1631177715E+01  0.8825801000E+03  0.6441193039E-01  0.7362317332E+00 -0.2314173758E-04 -0.2314173758E-04  0.6441193039E-01  0.0000000000E+00  0.0000000000E+00 -0.3677107866E+00  0.3224706710E-01  0.1631177715E+01  0.0000000000E+00  0.0000000000E+00  0.0000000000E+00  0.6441193039E-01  0.7362317332E+00 -0.2314173758E-04  0.0000000000E+00  0.0000000000E+00  0.0000000000E+00
45  0.2160195860E-07  0.2517424586E-06  0.3132609750E-07  0.8424782732E-08  0.7552586246E-07 -0.2130196206E-04  0.6437593022E-01 -0.3675105716E+00  0.3222408323E-01  0.1630622822E+01  0.8876851000E+03  0.6437593022E-01  0.7358202493E+00 -0.2130196206E-04 -0.2130196206E-04  0.6437593022E-01  0.0000000000E+00  0.0000000000E+00 -0.3675105716E+00  0.3222408323E-01  0.1630622822E+01  0.0000000000E+00  0.0000000000E+00  0.0000000000E+00  0.6437593022E-01  0.7358202493E+00 -0.2130196206E-04  0.0000000000E+00  0.0000000000E+00  0.0000000000E+00
46  0.2044100280E-07  0.2474210402E-06  0.3015501532E-07  0.8028065099E-08  0.7223136375E-07 -0.1926445942E-04  0.6435431469E-01 -0.3673951392E+00  0.3220648323E-01  0.1630262395E+01  0.8927897000E+03  0.6435431469E-01  0.7355731827E+00 -0.1926445942E-04 -0.1926445942E-04  0.6435431469E-01  0.0000000000E+00  0.0000000000E+00 -0.3673951392E+00  0.3220648323E-01  0.1630262395E+01  0.0000000000E+00  0.0000000000E+00  0.0000000000E+00  0.6435431469E-01  0.7355731827E+00 -0.1926445942E-04  0.0000000000E+00  0.0000000000E+00  0.0000000000E+00
47  0.1899429437E-07  0.2428069125E-06  0.2863396445E-07  0.7646491465E-08  0.6808766076E-07 -0.1754061040E-04  0.6434743909E-01 -0.3673645542E+00  0.3219629381E-01  0.1630128229E+01  0.8978951000E+03  0.6434743909E-01  0.7354945943E+00 -0.1754061040E-04 -0.1754061040E-04  0.6434743909E-01  0.0000000000E+00  0.0000000000E+00 -0.3673645542E+00  0.3219629381E-01  0.1630128229E+01  0.0000000000E+00  0.0000000000E+00  0.0000000000E+00  0.6434743909E-01  0.7354945943E+00 -0.1754061040E-04  0.0000000000E+00  0.0000000000E+00  0.0000000000E+00
48  0.1745343546E-07  0.2382656220E-06  0.2681215641E-07  0.7274799055E-08  0.6367440145E-07 -0.1618396886E-04  0.6434766585E-01 -0.3673733277E+00  0.3219049432E-01  0.1630116884E+01  0.9051299000E+03  0.6434766585E-01  0.7354971862E+00 -0.1618396886E-04 -0.1618396886E-04  0.6434766585E-01  0.0000000000E+00  0.0000000000E+00 -0.3673733277E+00  0.3219049432E-01  0.1630116884E+01  0.0000000000E+00  0.0000000000E+00  0.0000000000E+00  0.6434766585E-01  0.7354971862E+00 -0.1618396886E-04  0.0000000000E+00  0.0000000000E+00  0.0000000000E+00
49  0.1625153799E-07  0.2339171982E-06  0.2510373692E-07  0.6908302688E-08  0.6000729023E-07 -0.1504035775E-04  0.6434451405E-01 -0.3673610212E+00  0.3218354745E-01  0.1630057442E+01  0.9102345000E+03  0.6434451405E-01  0.7354611609E+00 -0.1504035775E-04 -0.1504035775E-04  0.6434451405E-01  0.0000000000E+00  0.0000000000E+00 -0.3673610212E+00  0.3218354745E-01  0.1630057442E+01  0.0000000000E+00  0.0000000000E+00  0.0000000000E+00  0.6434451405E-01  0.7354611609E+00 -0.1504035775E-04  0.0000000000E+00  0.0000000000E+00  0.0000000000E+00
50  0.1554893305E-07  0.2301859611E-06  0.2379032401E-07  0.6556467926E-08  0.5761124784E-07 -0.1344226125E-04  0.6433167239E-01 -0.3672921912E+00  0.3217108406E-01  0.1629836622E+01  0.9153420000E+03  0.6433167239E-01  0.7353143801E+00 -0.1344226125E-04 -0.1344226125E-04  0.6433167239E-01  0.0000000000E+00  0.0000000000E+00 -0.3672921912E+00  0.3217108406E-01  0.1629836622E+01  0.0000000000E+00  0.0000000000E+00  0.0000000000E+00  0.6433167239E-01  0.7353143801E+00 -0.1344226125E-04  0.0000000000E+00  0.0000000000E+00  0.0000000000E+00
51  0.1503993804E-07  0.2267631695E-06  0.2275370501E-07  0.6242439119E-08  0.5584135646E-07 -0.1143010839E-04  0.6430964210E-01 -0.3671706392E+00  0.3215323785E-01  0.1629463415E+01  0.1072232100E+04  0.6430964210E-01  0.7350625727E+00 -0.1143010839E-04 -0.1143010839E-04  0.6430964210E-01  0.0000000000E+00  0.0000000000E+00 -0.3671706392E+00  0.3215323785E-01  0.1629463415E+01  0.0000000000E+00  0.0000000000E+00  0.0000000000E+00  0.6430964210E-01  0.7350625727E+00 -0.1143010839E-04  0.0000000000E+00  0.0000000000E+00  0.0000000000E+00
52  0.1454943459E-07  0.2234953276E-06  0.2179408715E-07  0.5967728099E-08  0.5420960135E-07 -0.9332554340E-05  0.6428372134E-01 -0.3670272791E+00  0.3213338443E-01  0.1629031669E+01  0.1077337400E+04  0.6428372134E-01  0.7347662971E+00 -0.9332554340E-05 -0.9332554340E-05  0.6428372134E-01  0.0000000000E+00  0.0000000000E+00 -0.3670272791E+00  0.3213338443E-01  0.1629031669E+01  0.0000000000E+00  0.0000000000E+00  0.0000000000E+00  0.6428372134E-01  0.7347662971E+00 -0.9332554340E-05  0.0000000000E+00  0.0000000000E+00  0.0000000000E+00
53  0.1402368932E-07  0.2202326532E-06  0.2086628754E-07  0.5710606285E-08  0.5247933332E-07 -0.7567713172E-05  0.6425982336E-01 -0.3668960251E+00  0.3211551421E-01  0.1628641034E+01  0.1082443200E+04  0.6425982336E-01  0.7344931420E+00 -0.7567713172E-05 -0.7567713172E-05  0.6425982336E-01  0.0000000000E+00  0.0000000000E+00 -0.3668960251E+00  0.3211551421E-01  0.1628641034E+01  0.0000000000E+00  0.0000000000E+00  0.0000000000E+00  0.6425982336E-01  0.7344931420E+00 -0.7567713172E-05  0.0000000000E+00  0.0000000000E+00  0.0000000000E+00
54  0.1344195064E-07  0.2169206972E-06  0.1995558059E-07  0.5457768232E-08  0.5056095491E-07 -0.6326997415E-05  0.6424154598E-01 -0.3667970550E+00  0.3210194442E-01  0.1628346906E+01  0.1089678100E+04  0.6424154598E-01  0.7342842305E+00 -0.6326997415E-05 -0.6326997415E-05  0.6424154598E-01  0.0000000000E+00  0.0000000000E+00 -0.3667970550E+00  0.3210194442E-01  0.1628346906E+01  0.0000000000E+00  0.0000000000E+00  0.0000000000E+00  0.6424154598E-01  0.7342842305E+00 -0.6326997415E-05  0.0000000000E+00  0.0000000000E+00  0.0000000000E+00
55  0.1279552015E-07  0.2135354657E-06  0.1905259963E-07  0.5216023005E-08  0.4839458541E-07 -0.5682495799E-05  0.6422853705E-01 -0.3667279369E+00  0.3209246150E-01  0.1628142366E+01  0.1094783700E+04  0.6422853705E-01  0.7341355378E+00 -0.5682495799E-05 -0.5682495799E-05  0.6422853705E-01  0.0000000000E+00  0.0000000000E+00 -0.3667279369E+00  0.3209246150E-01  0.1628142366E+01  0.0000000000E+00  0.0000000000E+00  0.0000000000E+00  0.6422853705E-01  0.7341355378E+00 -0.5682495799E-05  0.0000000000E+00  0.0000000000E+00  0.0000000000E+00
56  0.1224259858E-07  0.2103665836E-06  0.1814410233E-07  0.4987990170E-08  0.4641601355E-07 -0.5149986287E-05  0.6421814337E-01 -0.3666732628E+00  0.3208481370E-01  0.1627983513E+01  0.1099889600E+04  0.6421814337E-01  0.7340167375E+00 -0.5149986287E-05 -0.5149986287E-05  0.6421814337E-01  0.0000000000E+00  0.0000000000E+00 -0.3666732628E+00  0.3208481370E-01  0.1627983513E+01  0.0000000000E+00  0.0000000000E+00  0.0000000000E+00  0.6421814337E-01  0.7340167375E+00 -0.5149986287E-05  0.0000000000E+00  0.0000000000E+00  0.0000000000E+00
57  0.1180332519E-07  0.2073196464E-06  0.1730860191E-07  0.4776745368E-08  0.4473948308E-07 -0.4596993851E-05  0.6420723478E-01 -0.3666150629E+00  0.3207697906E-01  0.1627819394E+01  0.1104994500E+04  0.6420723478E-01  0.7338920517E+00 -0.4596993851E-05 -0.4596993851E-05  0.6420723478E-01  0.0000000000E+00  0.0000000000E+00 -0.3666150629E+00  0.3207697906E-01  0.1627819394E+01  0.0000000000E+00  0.0000000000E+00  0.0000000000E+00  0.6420723478E-01  0.7338920517E+00 -0.4596993851E-05  0.0000000000E+00  0.0000000000E+00  0.0000000000E+00
58  0.1146717098E-07  0.2044171168E-06  0.1660941043E-07  0.4584132145E-08  0.4339010561E-07 -0.3992954388E-05  0.6419383170E-01 -0.3665421348E+00  0.3206791858E-01  0.1627614932E+01  0.1110100300E+04  0.6419383170E-01  0.7337388538E+00 -0.3992954388E-05 -0.3992954388E-05  0.6419383170E-01  0.0000000000E+00  0.0000000000E+00 -0.3665421348E+00  0.3206791858E-01  0.1627614932E+01  0.0000000000E+00  0.0000000000E+00  0.0000000000E+00  0.6419383170E-01  0.7337388538E+00 -0.3992954388E-05  0.0000000000E+00  0.0000000000E+00  0.0000000000E+00
59  0.1116238157E-07  0.2016295126E-06  0.1601417926E-07  0.4411744259E-08  0.4222573605E-07 -0.3431455535E-05  0.6417776604E-01 -0.3664537711E+00  0.3205789848E-01  0.1627364583E+01  0.1115205200E+04  0.6417776604E-01  0.7335552225E+00 -0.3431455535E-05 -0.3431455535E-05  0.6417776604E-01  0.0000000000E+00  0.0000000000E+00 -0.3664537711E+00  0.3205789848E-01  0.1627364583E+01  0.0000000000E+00  0.0000000000E+00  0.0000000000E+00  0.6417776604E-01  0.7335552225E+00 -0.3431455535E-05  0.0000000000E+00  0.0000000000E+00  0.0000000000E+00
60  0.1084641464E-07  0.1989097012E-06  0.1547780915E-07  0.4255618993E-08  0.4112868482E-07 -0.3017468674E-05  0.6416059154E-01 -0.3663590301E+00  0.3204809324E-01  0.1627094198E+01  0.1122439300E+04  0.6416059154E-01  0.7333589171E+00 -0.3017468674E-05 -0.3017468674E-05  0.6416059154E-01  0.0000000000E+00  0.0000000000E+00 -0.3663590301E+00  0.3204809324E-01  0.1627094198E+01  0.0000000000E+00  0.0000000000E+00  0.0000000000E+00  0.6416059154E-01  0.7333589171E+00 -0.3017468674E-05  0.0000000000E+00  0.0000000000E+00  0.0000000000E+00
61  0.1049254600E-07  0.1961999382E-06  0.1501878608E-07  0.4112181699E-08  0.3994297693E-07 -0.2939993652E-05  0.6414393212E-01 -0.3662673269E+00  0.3203961818E-01  0.1626835694E+01  0.1280746500E+04  0.6414393212E-01  0.7331684991E+00 -0.2939993652E-05 -0.2939993652E-05  0.6414393212E-01  0.0000000000E+00  0.0000000000E+00 -0.3662673269E+00  0.3203961818E-01  0.1626835694E+01  0.0000000000E+00  0.0000000000E+00  0.0000000000E+00  0.6414393212E-01  0.7331684991E+00 -0.2939993652E-05  0.0000000000E+00  0.0000000000E+00  0.0000000000E+00
62  0.1017644618E-07  0.1935802554E-06  0.1458068861E-07  0.3973127005E-08  0.3884904023E-07 -0.2993333411E-05  0.6412901474E-01 -0.3661856811E+00  0.3203268570E-01  0.1626611887E+01  0.1285852300E+04  0.6412901474E-01  0.7329979926E+00 -0.2993333411E-05 -0.2993333411E-05  0.6412901474E-01  0.0000000000E+00  0.0000000000E+00 -0.3661856811E+00  0.3203268570E-01  0.1626611887E+01  0.0000000000E+00  0.0000000000E+00  0.0000000000E+00  0.6412901474E-01  0.7329979926E+00 -0.2993333411E-05  0.0000000000E+00  0.0000000000E+00  0.0000000000E+00
63  0.9852854628E-08  0.1909775321E-06  0.1414336879E-07  0.3841515186E-08  0.3774652939E-07 -0.3162374805E-05  0.6411608380E-01 -0.3661153218E+00  0.3202706904E-01  0.1626426703E+01  0.1290957900E+04  0.6411608380E-01  0.7328501913E+00 -0.3162374805E-05 -0.3162374805E-05  0.6411608380E-01  0.0000000000E+00  0.0000000000E+00 -0.3661153218E+00  0.3202706904E-01  0.1626426703E+01  0.0000000000E+00  0.0000000000E+00  0.0000000000E+00  0.6411608380E-01  0.7328501913E+00 -0.3162374805E-05  0.0000000000E+00  0.0000000000E+00  0.0000000000E+00
64  0.9544955060E-08  0.1884309949E-06  0.1373198112E-07  0.3718738536E-08  0.3667183666E-07 -0.3373496095E-05  0.6410451351E-01 -0.3660524986E+00  0.3202208983E-01  0.1626266437E+01  0.1296063600E+04  0.6410451351E-01  0.7327179422E+00 -0.3373496095E-05 -0.3373496095E-05  0.6410451351E-01  0.0000000000E+00  0.0000000000E+00 -0.3660524986E+00  0.3202208983E-01  0.1626266437E+01  0.0000000000E+00  0.0000000000E+00  0.0000000000E+00  0.6410451351E-01  0.7327179422E+00 -0.3373496095E-05  0.0000000000E+00  0.0000000000E+00  0.0000000000E+00
65  0.9268038082E-08  0.1859594008E-06  0.1334956594E-07  0.3605783235E-08  0.3567427399E-07 -0.3556450788E-05  0.6409327507E-01 -0.3659913079E+00  0.3201706243E-01  0.1626110593E+01  0.1301171500E+04  0.6409327507E-01  0.7325894863E+00 -0.3556450788E-05 -0.3556450788E-05  0.6409327507E-01  0.0000000000E+00  0.0000000000E+00 -0.3659913079E+00  0.3201706243E-01  0.1626110593E+01  0.0000000000E+00  0.0000000000E+00  0.0000000000E+00  0.6409327507E-01  0.7325894863E+00 -0.3556450788E-05  0.0000000000E+00  0.0000000000E+00  0.0000000000E+00
66  0.9013488451E-08  0.1835602662E-06  0.1300139892E-07  0.3502714499E-08  0.3477381975E-07 -0.3661447874E-05  0.6408172775E-01 -0.3659281531E+00  0.3201171954E-01  0.1625946896E+01  0.1308410300E+04  0.6408172775E-01  0.7324574999E+00 -0.3661447874E-05 -0.3661447874E-05  0.6408172775E-01  0.0000000000E+00  0.0000000000E+00 -0.3659281531E+00  0.3201171954E-01  0.1625946896E+01  0.0000000000E+00  0.0000000000E+00  0.0000000000E+00  0.6408172775E-01  0.7324574999E+00 -0.3661447874E-05  0.0000000000E+00  0.0000000000E+00  0.0000000000E+00
67  0.8743211645E-08  0.1812370820E-06  0.1271757523E-07  0.3411815371E-08  0.3386097354E-07 -0.3802937221E-05  0.6406941463E-01 -0.3658605970E+00  0.3200615433E-01  0.1625769850E+01  0.1313515800E+04  0.6406941463E-01  0.7323167602E+00 -0.3802937221E-05 -0.3802937221E-05  0.6406941463E-01  0.0000000000E+00  0.0000000000E+00 -0.3658605970E+00  0.3200615433E-01  0.1625769850E+01  0.0000000000E+00  0.0000000000E+00  0.0000000000E+00  0.6406941463E-01  0.7323167602E+00 -0.3802937221E-05  0.0000000000E+00  0.0000000000E+00  0.0000000000E+00
68  0.8513939460E-08  0.1789743795E-06  0.1244392778E-07  0.3324669874E-08  0.3310896496E-07 -0.3886958492E-05  0.6405658573E-01 -0.3657901934E+00  0.3200052878E-01  0.1625584897E+01  0.1318622000E+04  0.6405658573E-01  0.7321701252E+00 -0.3886958492E-05 -0.3886958492E-05  0.6405658573E-01  0.0000000000E+00  0.0000000000E+00 -0.3657901934E+00  0.3200052878E-01  0.1625584897E+01  0.0000000000E+00  0.0000000000E+00  0.0000000000E+00  0.6405658573E-01  0.7321701252E+00 -0.3886958492E-05  0.0000000000E+00  0.0000000000E+00  0.0000000000E+00
69  0.8275552278E-08  0.1767301594E-06  0.1216530304E-07  0.3241945385E-08  0.3241027852E-07 -0.4024169937E-05  0.6404385279E-01 -0.3657203912E+00  0.3199525448E-01  0.1625403747E+01  0.1323727400E+04  0.6404385279E-01  0.7320245871E+00 -0.4024169937E-05 -0.4024169937E-05  0.6404385279E-01  0.0000000000E+00  0.0000000000E+00 -0.3657203912E+00  0.3199525448E-01  0.1625403747E+01  0.0000000000E+00  0.0000000000E+00  0.0000000000E+00  0.6404385279E-01  0.7320245871E+00 -0.4024169937E-05  0.0000000000E+00  0.0000000000E+00  0.0000000000E+00
70  0.8034699333E-08  0.1745231867E-06  0.1190740980E-07  0.3163122157E-08  0.3173306341E-07 -0.4249932216E-05  0.6403178861E-01 -0.3656543431E+00  0.3199050451E-01  0.1625236037E+01  0.1328832400E+04  0.6403178861E-01  0.7318866928E+00 -0.4249932216E-05 -0.4249932216E-05  0.6403178861E-01  0.0000000000E+00  0.0000000000E+00 -0.3656543431E+00  0.3199050451E-01  0.1625236037E+01  0.0000000000E+00  0.0000000000E+00  0.0000000000E+00  0.6403178861E-01  0.7318866928E+00 -0.4249932216E-05  0.0000000000E+00  0.0000000000E+00  0.0000000000E+00
71  0.7801842294E-08  0.1723667037E-06  0.1165922082E-07  0.3088708412E-08  0.3106824129E-07 -0.4520402937E-05  0.6402059232E-01 -0.3655931317E+00  0.3198613288E-01  0.1625084249E+01  0.1486024800E+04  0.6402059232E-01  0.7317587187E+00 -0.4520402937E-05 -0.4520402937E-05  0.6402059232E-01  0.0000000000E+00  0.0000000000E+00 -0.3655931317E+00  0.3198613288E-01  0.1625084249E+01  0.0000000000E+00  0.0000000000E+00  0.0000000000E+00  0.6402059232E-01  0.7317587187E+00 -0.4520402937E-05  0.0000000000E+00  0.0000000000E+00  0.0000000000E+00
72  0.7583309454E-08  0.1702657241E-06  0.1141872497E-07  0.3019035707E-08  0.3042799406E-07 -0.4738364571E-05  0.6401023939E-01 -0.3655366099E+00  0.3198189911E-01  0.1624946620E+01  0.1493261700E+04  0.6401023939E-01  0.7316403841E+00 -0.4738364571E-05 -0.4738364571E-05  0.6401023939E-01  0.0000000000E+00  0.0000000000E+00 -0.3655366099E+00  0.3198189911E-01  0.1624946620E+01  0.0000000000E+00  0.0000000000E+00  0.0000000000E+00  0.6401023939E-01  0.7316403841E+00 -0.4738364571E-05  0.0000000000E+00  0.0000000000E+00  0.0000000000E+00
73  0.7358011447E-08  0.1682609787E-06  0.1122103882E-07  0.2957611424E-08  0.2973717294E-07 -0.4923992112E-05  0.6400017546E-01 -0.3654817016E+00  0.3197756298E-01  0.1624814126E+01  0.1498367500E+04  0.6400017546E-01  0.7315253529E+00 -0.4923992112E-05 -0.4923992112E-05  0.6400017546E-01  0.0000000000E+00  0.0000000000E+00 -0.3654817016E+00  0.3197756298E-01  0.1624814126E+01  0.0000000000E+00  0.0000000000E+00  0.0000000000E+00  0.6400017546E-01  0.7315253529E+00 -0.4923992112E-05  0.0000000000E+00  0.0000000000E+00  0.0000000000E+00
74  0.7178478889E-08  0.1662838859E-06  0.1102847244E-07  0.2896979863E-08  0.2917651132E-07 -0.4963998030E-05  0.6399002759E-01 -0.3654263510E+00  0.3197294287E-01  0.1624679593E+01  0.1503472500E+04  0.6399002759E-01  0.7314093622E+00 -0.4963998030E-05 -0.4963998030E-05  0.6399002759E-01  0.0000000000E+00  0.0000000000E+00 -0.3654263510E+00  0.3197294287E-01  0.1624679593E+01  0.0000000000E+00  0.0000000000E+00  0.0000000000E+00  0.6399002759E-01  0.7314093622E+00 -0.4963998030E-05  0.0000000000E+00  0.0000000000E+00  0.0000000000E+00
75  0.6993580498E-08  0.1643258967E-06  0.1082642797E-07  0.2839554969E-08  0.2867850693E-07 -0.4967066348E-05  0.6397968727E-01 -0.3653699012E+00  0.3196824151E-01  0.1624541163E+01  0.1508578000E+04  0.6397968727E-01  0.7312911718E+00 -0.4967066348E-05 -0.4967066348E-05  0.6397968727E-01  0.0000000000E+00  0.0000000000E+00 -0.3653699012E+00  0.3196824151E-01  0.1624541163E+01  0.0000000000E+00  0.0000000000E+00  0.0000000000E+00  0.6397968727E-01  0.7312911718E+00 -0.4967066348E-05  0.0000000000E+00  0.0000000000E+00  0.0000000000E+00
76  0.6805048035E-08  0.1624000341E-06  0.1063754742E-07  0.2785059555E-08  0.2822774030E-07 -0.5017593132E-05  0.6396928086E-01 -0.3653129966E+00  0.3196367138E-01  0.1624400869E+01  0.1513684900E+04  0.6396928086E-01  0.7311722260E+00 -0.5017593132E-05 -0.5017593132E-05  0.6396928086E-01  0.0000000000E+00  0.0000000000E+00 -0.3653129966E+00  0.3196367138E-01  0.1624400869E+01  0.0000000000E+00  0.0000000000E+00  0.0000000000E+00  0.6396928086E-01  0.7311722260E+00 -0.5017593132E-05  0.0000000000E+00  0.0000000000E+00  0.0000000000E+00
77  0.6621089477E-08  0.1605148871E-06  0.1045399277E-07  0.2733400484E-08  0.2781600564E-07 -0.5130709369E-05  0.6395899718E-01 -0.3652566962E+00  0.3195928316E-01  0.1624262118E+01  0.1518790300E+04  0.6395899718E-01  0.7310546830E+00 -0.5130709369E-05 -0.5130709369E-05  0.6395899718E-01  0.0000000000E+00  0.0000000000E+00 -0.3652566962E+00  0.3195928316E-01  0.1624262118E+01  0.0000000000E+00  0.0000000000E+00  0.0000000000E+00  0.6395899718E-01  0.7310546830E+00 -0.5130709369E-05  0.0000000000E+00  0.0000000000E+00  0.0000000000E+00
78  0.6447874157E-08  0.1586747026E-06  0.1027606630E-07  0.2684617518E-08  0.2743791805E-07 -0.5245896063E-05  0.6394912512E-01 -0.3652026622E+00  0.3195503508E-01  0.1624130092E+01  0.1526024100E+04  0.6394912512E-01  0.7309418448E+00 -0.5245896063E-05 -0.5245896063E-05  0.6394912512E-01  0.0000000000E+00  0.0000000000E+00 -0.3652026622E+00  0.3195503508E-01  0.1624130092E+01  0.0000000000E+00  0.0000000000E+00  0.0000000000E+00  0.6394912512E-01  0.7309418448E+00 -0.5245896063E-05  0.0000000000E+00  0.0000000000E+00  0.0000000000E+00
79  0.6268937225E-08  0.1569380422E-06  0.1013427120E-07  0.2642651260E-08  0.2700544245E-07 -0.5364158757E-05  0.6393956145E-01 -0.3651503842E+00  0.3195078548E-01  0.1624004472E+01  0.1531130600E+04  0.6393956145E-01  0.7308325315E+00 -0.5364158757E-05 -0.5364158757E-05  0.6393956145E-01  0.0000000000E+00  0.0000000000E+00 -0.3651503842E+00  0.3195078548E-01  0.1624004472E+01  0.0000000000E+00  0.0000000000E+00  0.0000000000E+00  0.6393956145E-01  0.7308325315E+00 -0.5364158757E-05  0.0000000000E+00  0.0000000000E+00  0.0000000000E+00
80  0.6134906099E-08  0.1552049164E-06  0.9998539807E-08  0.2600019059E-08  0.2665842401E-07 -0.5360083439E-05  0.6393024180E-01 -0.3650995445E+00  0.3194636580E-01  0.1623883596E+01  0.1536236500E+04  0.6393024180E-01  0.7307260075E+00 -0.5360083439E-05 -0.5360083439E-05  0.6393024180E-01  0.0000000000E+00  0.0000000000E+00 -0.3650995445E+00  0.3194636580E-01  0.1623883596E+01  0.0000000000E+00  0.0000000000E+00  0.0000000000E+00  0.6393024180E-01  0.7307260075E+00 -0.5360083439E-05  0.0000000000E+00  0.0000000000E+00  0.0000000000E+00
81  0.5999609746E-08  0.1534882082E-06  0.9855266743E-08  0.2559731609E-08  0.2633722623E-07 -0.5298233699E-05  0.6392110802E-01 -0.3650497633E+00  0.3194189304E-01  0.1623765702E+01  0.1693458500E+04  0.6392110802E-01  0.7306216079E+00 -0.5298233699E-05 -0.5298233699E-05  0.6392110802E-01  0.0000000000E+00  0.0000000000E+00 -0.3650497633E+00  0.3194189304E-01  0.1623765702E+01  0.0000000000E+00  0.0000000000E+00  0.0000000000E+00  0.6392110802E-01  0.7306216079E+00 -0.5298233699E-05  0.0000000000E+00  0.0000000000E+00  0.0000000000E+00
82  0.5861105924E-08  0.1517968815E-06  0.9723789024E-08  0.2521776355E-08  0.2603127930E-07 -0.5246741087E-05  0.6391211656E-01 -0.3650007128E+00  0.3193750963E-01  0.1623648830E+01  0.1698566000E+04  0.6391211656E-01  0.7305188351E+00 -0.5246741087E-05 -0.5246741087E-05  0.6391211656E-01  0.0000000000E+00  0.0000000000E+00 -0.3650007128E+00  0.3193750963E-01  0.1623648830E+01  0.0000000000E+00  0.0000000000E+00  0.0000000000E+00  0.6391211656E-01  0.7305188351E+00 -0.5246741087E-05  0.0000000000E+00  0.0000000000E+00  0.0000000000E+00
83  0.5723516810E-08  0.1501359669E-06  0.9594044724E-08  0.2486095330E-08  0.2574621129E-07 -0.5234918882E-05  0.6390320650E-01 -0.3649520231E+00  0.3193325251E-01  0.1623531332E+01  0.1703672100E+04  0.6390320650E-01  0.7304169926E+00 -0.5234918882E-05 -0.5234918882E-05  0.6390320650E-01  0.0000000000E+00  0.0000000000E+00 -0.3649520231E+00  0.3193325251E-01  0.1623531332E+01  0.0000000000E+00  0.0000000000E+00  0.0000000000E+00  0.6390320650E-01  0.7304169926E+00 -0.5234918882E-05  0.0000000000E+00  0.0000000000E+00  0.0000000000E+00
84  0.5591199175E-08  0.1485086575E-06  0.9464217031E-08  0.2452552962E-08  0.2549163073E-07 -0.5234847401E-05  0.6389445945E-01 -0.3649041751E+00  0.3192910391E-01  0.1623414790E+01  0.1710909800E+04  0.6389445945E-01  0.7303170134E+00 -0.5234847401E-05 -0.5234847401E-05  0.6389445945E-01  0.0000000000E+00  0.0000000000E+00 -0.3649041751E+00  0.3192910391E-01  0.1623414790E+01  0.0000000000E+00  0.0000000000E+00  0.0000000000E+00  0.6389445945E-01  0.7303170134E+00 -0.5234847401E-05  0.0000000000E+00  0.0000000000E+00  0.0000000000E+00
85  0.5450639052E-08  0.1469823740E-06  0.9359954564E-08  0.2424912677E-08  0.2519908171E-07 -0.5260576391E-05  0.6388573020E-01 -0.3648564178E+00  0.3192495097E-01  0.1623298617E+01  0.1716015500E+04  0.6388573020E-01  0.7302172375E+00 -0.5260576391E-05 -0.5260576391E-05  0.6388573020E-01  0.0000000000E+00  0.0000000000E+00 -0.3648564178E+00  0.3192495097E-01  0.1623298617E+01  0.0000000000E+00  0.0000000000E+00  0.0000000000E+00  0.6388573020E-01  0.7302172375E+00 -0.5260576391E-05  0.0000000000E+00  0.0000000000E+00  0.0000000000E+00
86  0.5349516830E-08  0.1454430112E-06  0.9259564961E-08  0.2395535681E-08  0.2498280092E-07 -0.5206622436E-05  0.6387703706E-01 -0.3648089082E+00  0.3192065481E-01  0.1623183498E+01  0.1721121900E+04  0.6387703706E-01  0.7301178746E+00 -0.5206622436E-05 -0.5206622436E-05  0.6387703706E-01  0.0000000000E+00  0.0000000000E+00 -0.3648089082E+00  0.3192065481E-01  0.1623183498E+01  0.0000000000E+00  0.0000000000E+00  0.0000000000E+00  0.6387703706E-01  0.7301178746E+00 -0.5206622436E-05  0.0000000000E+00  0.0000000000E+00  0.0000000000E+00
87  0.5248973501E-08  0.1439186534E-06  0.9152215802E-08  0.2367549010E-08  0.2478619146E-07 -0.5113915205E-05  0.6386846476E-01 -0.3647620957E+00  0.3191631131E-01  0.1623070815E+01  0.1726227700E+04  0.6386846476E-01  0.7300198927E+00 -0.5113915205E-05 -0.5113915205E-05  0.6386846476E-01  0.0000000000E+00  0.0000000000E+00 -0.3647620957E+00  0.3191631131E-01  0.1623070815E+01  0.0000000000E+00  0.0000000000E+00  0.0000000000E+00  0.6386846476E-01  0.7300198927E+00 -0.5113915205E-05  0.0000000000E+00  0.0000000000E+00  0.0000000000E+00
88  0.5147767427E-08  0.1424171538E-06  0.9056637580E-08  0.2340950840E-08  0.2458802850E-07 -0.5027200088E-05  0.6386009635E-01 -0.3647163850E+00  0.3191204717E-01  0.1622961018E+01  0.1731335800E+04  0.6386009635E-01  0.7299242413E+00 -0.5027200088E-05 -0.5027200088E-05  0.6386009635E-01  0.0000000000E+00  0.0000000000E+00 -0.3647163850E+00  0.3191204717E-01  0.1622961018E+01  0.0000000000E+00  0.0000000000E+00  0.0000000000E+00  0.6386009635E-01  0.7299242413E+00 -0.5027200088E-05  0.0000000000E+00  0.0000000000E+00  0.0000000000E+00
89  0.5047884287E-08  0.1409412883E-06  0.8963615189E-08  0.2315660372E-08  0.2438700064E-07 -0.4965277319E-05  0.6385193188E-01 -0.3646717492E+00  0.3190790823E-01  0.1622853200E+01  0.1736441700E+04  0.6385193188E-01  0.7298309210E+00 -0.4965277319E-05 -0.4965277319E-05  0.6385193188E-01  0.0000000000E+00  0.0000000000E+00 -0.3646717492E+00  0.3190790823E-01  0.1622853200E+01  0.0000000000E+00  0.0000000000E+00  0.0000000000E+00  0.6385193188E-01  0.7298309210E+00 -0.4965277319E-05  0.0000000000E+00  0.0000000000E+00  0.0000000000E+00
90  0.4950611109E-08  0.1394919665E-06  0.8869961603E-08  0.2291561547E-08  0.2419374548E-07 -0.4907887346E-05  0.6384401985E-01 -0.3646284689E+00  0.3190389776E-01  0.1622747807E+01  0.1743677600E+04  0.6384401985E-01  0.7297404861E+00 -0.4907887346E-05 -0.4907887346E-05  0.6384401985E-01  0.0000000000E+00  0.0000000000E+00 -0.3646284689E+00  0.3190389776E-01  0.1622747807E+01  0.0000000000E+00  0.0000000000E+00  0.0000000000E+00  0.6384401985E-01  0.7297404861E+00 -0.4907887346E-05  0.0000000000E+00  0.0000000000E+00  0.0000000000E+00
91  0.4842296117E-08  0.1381371215E-06  0.8794748942E-08  0.2272336753E-08  0.2395887369E-07 -0.4874452602E-05  0.6383615086E-01 -0.3645854119E+00  0.3189991961E-01  0.1622642536E+01  0.1901521000E+04  0.6383615086E-01  0.7296505431E+00 -0.4874452602E-05 -0.4874452602E-05  0.6383615086E-01  0.0000000000E+00  0.0000000000E+00 -0.3645854119E+00  0.3189991961E-01  0.1622642536E+01  0.0000000000E+00  0.0000000000E+00  0.0000000000E+00  0.6383615086E-01  0.7296505431E+00 -0.4874452602E-05  0.0000000000E+00  0.0000000000E+00  0.0000000000E+00
92  0.4764676477E-08  0.1367575070E-06  0.8720178561E-08  0.2250569337E-08  0.2378512392E-07 -0.4783005898E-05  0.6382826296E-01 -0.3645422713E+00  0.3189584405E-01  0.1622536649E+01  0.1906627300E+04  0.6382826296E-01  0.7295603840E+00 -0.4783005898E-05 -0.4783005898E-05  0.6382826296E-01  0.0000000000E+00  0.0000000000E+00 -0.3645422713E+00  0.3189584405E-01  0.1622536649E+01  0.0000000000E+00  0.0000000000E+00  0.0000000000E+00  0.6382826296E-01  0.7295603840E+00 -0.4783005898E-05  0.0000000000E+00  0.0000000000E+00  0.0000000000E+00
93  0.4685105176E-08  0.1353897295E-06  0.8635950986E-08  0.2229399535E-08  0.2363370894E-07 -0.4668063007E-05  0.6382038759E-01 -0.3644992052E+00  0.3189172921E-01  0.1622430936E+01  0.1911734600E+04  0.6382038759E-01  0.7294703681E+00 -0.4668063007E-05 -0.4668063007E-05  0.6382038759E-01  0.0000000000E+00  0.0000000000E+00 -0.3644992052E+00  0.3189172921E-01  0.1622430936E+01  0.0000000000E+00  0.0000000000E+00  0.0000000000E+00  0.6382038759E-01  0.7294703681E+00 -0.4668063007E-05  0.0000000000E+00  0.0000000000E+00  0.0000000000E+00
94  0.4604778970E-08  0.1340423112E-06  0.8559693428E-08  0.2208895600E-08  0.2348524836E-07 -0.4564212694E-05  0.6381260535E-01 -0.3644566209E+00  0.3188766607E-01  0.1622326351E+01  0.1916840400E+04  0.6381260535E-01  0.7293814167E+00 -0.4564212694E-05 -0.4564212694E-05  0.6381260535E-01  0.0000000000E+00  0.0000000000E+00 -0.3644566209E+00  0.3188766607E-01  0.1622326351E+01  0.0000000000E+00  0.0000000000E+00  0.0000000000E+00  0.6381260535E-01  0.7293814167E+00 -0.4564212694E-05  0.0000000000E+00  0.0000000000E+00  0.0000000000E+00
95  0.4526907076E-08  0.1327185514E-06  0.8484707679E-08  0.2189045652E-08  0.2333362702E-07 -0.4482380336E-05  0.6380496294E-01 -0.3644147628E+00  0.3188369147E-01  0.1622223191E+01  0.1921947300E+04  0.6380496294E-01  0.7292940636E+00 -0.4482380336E-05 -0.4482380336E-05  0.6380496294E-01  0.0000000000E+00  0.0000000000E+00 -0.3644147628E+00  0.3188369147E-01  0.1622223191E+01  0.0000000000E+00  0.0000000000E+00  0.0000000000E+00  0.6380496294E-01  0.7292940636E+00 -0.4482380336E-05  0.0000000000E+00  0.0000000000E+00  0.0000000000E+00
96  0.4452479213E-08  0.1314191311E-06  0.8409395933E-08  0.2169812326E-08  0.2318252093E-07 -0.4402672390E-05  0.6379756221E-01 -0.3643742118E+00  0.3187982524E-01  0.1622122891E+01  0.1929185500E+04  0.6379756221E-01  0.7292094728E+00 -0.4402672390E-05 -0.4402672390E-05  0.6379756221E-01  0.0000000000E+00  0.0000000000E+00 -0.3643742118E+00  0.3187982524E-01  0.1622122891E+01  0.0000000000E+00  0.0000000000E+00  0.0000000000E+00  0.6379756221E-01  0.7292094728E+00 -0.4402672390E-05  0.0000000000E+00  0.0000000000E+00  0.0000000000E+00
97  0.4368383519E-08  0.1302091733E-06  0.8349469378E-08  0.2154755538E-08  0.2298810253E-07 -0.4341846419E-05  0.6379025078E-01 -0.3643341473E+00  0.3187600259E-01  0.1622023775E+01  0.1934292800E+04  0.6379025078E-01  0.7291259029E+00 -0.4341846419E-05 -0.4341846419E-05  0.6379025078E-01  0.0000000000E+00  0.0000000000E+00 -0.3643341473E+00  0.3187600259E-01  0.1622023775E+01  0.0000000000E+00  0.0000000000E+00  0.0000000000E+00  0.6379025078E-01  0.7291259029E+00 -0.4341846419E-05  0.0000000000E+00  0.0000000000E+00  0.0000000000E+00
98  0.4309272935E-08  0.1289698661E-06  0.8290970930E-08  0.2136873478E-08  0.2283504373E-07 -0.4233122180E-05  0.6378297881E-01 -0.3642943212E+00  0.3187212703E-01  0.1621925002E+01  0.1939397500E+04  0.6378297881E-01  0.7290427838E+00 -0.4233122180E-05 -0.4233122180E-05  0.6378297881E-01  0.0000000000E+00  0.0000000000E+00 -0.3642943212E+00  0.3187212703E-01  0.1621925002E+01  0.0000000000E+00  0.0000000000E+00  0.0000000000E+00  0.6378297881E-01  0.7290427838E+00 -0.4233122180E-05  0.0000000000E+00  0.0000000000E+00  0.0000000000E+00
99  0.4245602037E-08  0.1277399334E-06  0.8223022908E-08  0.2119229101E-08  0.2269768774E-07 -0.4106995160E-05  0.6377574866E-01 -0.3642547300E+00  0.3186824703E-01  0.1621826647E+01  0.1944504500E+04  0.6377574866E-01  0.7289601428E+00 -0.4106995160E-05 -0.4106995160E-05  0.6377574866E-01  0.0000000000E+00  0.0000000000E+00 -0.3642547300E+00  0.3186824703E-01  0.1621826647E+01  0.0000000000E+00  0.0000000000E+00  0.0000000000E+00  0.6377574866E-01  0.7289601428E+00 -0.4106995160E-05  0.0000000000E+00  0.0000000000E+00  0.0000000000E+00
100  0.4178686350E-08  0.1265270722E-06  0.8160153941E-08  0.2101919431E-08  0.2256308405E-07 -0.3993899214E-05  0.6376859405E-01 -0.3642155245E+00  0.3186442853E-01  0.1621728907E+01  0.1949610700E+04  0.6376859405E-01  0.7288783652E+00 -0.3993899214E-05 -0.3993899214E-05  0.6376859405E-01  0.0000000000E+00  0.0000000000E+00 -0.3642155245E+00  0.3186442853E-01  0.1621728907E+01  0.0000000000E+00  0.0000000000E+00  0.0000000000E+00  0.6376859405E-01  0.7288783652E+00 -0.3993899214E-05  0.0000000000E+00  0.0000000000E+00  0.0000000000E+00
